5.000000000000000104e-04
1.500000000000000031e-03
2.500000000000000052e-03
3.500000000000000073e-03
4.499999999999999660e-03
5.499999999999999681e-03
6.499999999999999702e-03
7.499999999999999722e-03
8.500000000000000611e-03
9.499999999999999764e-03
1.050000000000000065e-02
1.149999999999999981e-02
1.250000000000000069e-02
1.349999999999999985e-02
1.450000000000000074e-02
1.549999999999999989e-02
1.650000000000000078e-02
1.750000000000000167e-02
1.849999999999999908e-02
1.949999999999999997e-02
2.050000000000000086e-02
2.149999999999999828e-02
2.249999999999999917e-02
2.350000000000000006e-02
2.450000000000000094e-02
2.549999999999999836e-02
2.649999999999999925e-02
2.750000000000000014e-02
2.850000000000000103e-02
2.949999999999999845e-02
3.049999999999999933e-02
3.150000000000000022e-02
3.250000000000000111e-02
3.350000000000000200e-02
3.450000000000000289e-02
3.549999999999999684e-02
3.649999999999999772e-02
3.749999999999999861e-02
3.849999999999999950e-02
3.950000000000000039e-02
4.050000000000000128e-02
4.150000000000000216e-02
4.250000000000000305e-02
4.349999999999999700e-02
4.449999999999999789e-02
4.549999999999999878e-02
4.649999999999999967e-02
4.750000000000000056e-02
4.850000000000000144e-02
4.950000000000000233e-02
5.050000000000000322e-02
5.149999999999999717e-02
5.249999999999999806e-02
5.349999999999999895e-02
5.449999999999999983e-02
5.550000000000000072e-02
5.650000000000000161e-02
5.750000000000000250e-02
5.850000000000000339e-02
5.949999999999999734e-02
6.049999999999999822e-02
6.149999999999999911e-02
6.250000000000000000e-02
6.350000000000000089e-02
6.450000000000000178e-02
6.550000000000000266e-02
6.650000000000000355e-02
6.750000000000000444e-02
6.850000000000000533e-02
6.950000000000000622e-02
7.049999999999999323e-02
7.149999999999999412e-02
7.249999999999999500e-02
7.349999999999999589e-02
7.449999999999999678e-02
7.549999999999999767e-02
7.649999999999999856e-02
7.749999999999999944e-02
7.850000000000000033e-02
7.950000000000000122e-02
8.050000000000000211e-02
8.150000000000000300e-02
8.250000000000000389e-02
8.350000000000000477e-02
8.450000000000000566e-02
8.550000000000000655e-02
8.649999999999999356e-02
8.749999999999999445e-02
8.849999999999999534e-02
8.949999999999999623e-02
9.049999999999999711e-02
9.149999999999999800e-02
9.249999999999999889e-02
9.349999999999999978e-02
9.450000000000000067e-02
9.550000000000000155e-02
9.650000000000000244e-02
9.750000000000000333e-02
9.850000000000000422e-02
9.950000000000000511e-02
1.005000000000000060e-01
1.015000000000000069e-01
1.024999999999999939e-01
1.034999999999999948e-01
1.044999999999999957e-01
1.054999999999999966e-01
1.064999999999999974e-01
1.074999999999999983e-01
1.084999999999999992e-01
1.095000000000000001e-01
1.105000000000000010e-01
1.115000000000000019e-01
1.125000000000000028e-01
1.135000000000000037e-01
1.145000000000000046e-01
1.155000000000000054e-01
1.165000000000000063e-01
1.174999999999999933e-01
1.184999999999999942e-01
1.194999999999999951e-01
1.204999999999999960e-01
1.214999999999999969e-01
1.224999999999999978e-01
1.234999999999999987e-01
1.244999999999999996e-01
1.255000000000000004e-01
1.265000000000000013e-01
1.275000000000000022e-01
1.285000000000000031e-01
1.295000000000000040e-01
1.305000000000000049e-01
1.315000000000000058e-01
1.325000000000000067e-01
1.335000000000000075e-01
1.345000000000000084e-01
1.355000000000000093e-01
1.365000000000000102e-01
1.375000000000000111e-01
1.385000000000000120e-01
1.395000000000000129e-01
1.405000000000000138e-01
1.414999999999999869e-01
1.424999999999999878e-01
1.434999999999999887e-01
1.444999999999999896e-01
1.454999999999999905e-01
1.464999999999999913e-01
1.474999999999999922e-01
1.484999999999999931e-01
1.494999999999999940e-01
1.504999999999999949e-01
1.514999999999999958e-01
1.524999999999999967e-01
1.534999999999999976e-01
1.544999999999999984e-01
1.554999999999999993e-01
1.565000000000000002e-01
1.575000000000000011e-01
1.585000000000000020e-01
1.595000000000000029e-01
1.605000000000000038e-01
1.615000000000000047e-01
1.625000000000000056e-01
1.635000000000000064e-01
1.645000000000000073e-01
1.655000000000000082e-01
1.665000000000000091e-01
1.675000000000000100e-01
1.685000000000000109e-01
1.695000000000000118e-01
1.705000000000000127e-01
1.715000000000000135e-01
1.724999999999999867e-01
1.734999999999999876e-01
1.744999999999999885e-01
1.754999999999999893e-01
1.764999999999999902e-01
1.774999999999999911e-01
1.784999999999999920e-01
1.794999999999999929e-01
1.804999999999999938e-01
1.814999999999999947e-01
1.824999999999999956e-01
1.834999999999999964e-01
1.844999999999999973e-01
1.854999999999999982e-01
1.864999999999999991e-01
1.875000000000000000e-01
1.885000000000000009e-01
1.895000000000000018e-01
1.905000000000000027e-01
1.915000000000000036e-01
1.925000000000000044e-01
1.935000000000000053e-01
1.945000000000000062e-01
1.955000000000000071e-01
1.965000000000000080e-01
1.975000000000000089e-01
1.985000000000000098e-01
1.995000000000000107e-01
2.005000000000000115e-01
2.015000000000000124e-01
2.025000000000000133e-01
2.034999999999999865e-01
2.044999999999999873e-01
2.054999999999999882e-01
2.064999999999999891e-01
2.074999999999999900e-01
2.084999999999999909e-01
2.094999999999999918e-01
2.104999999999999927e-01
2.114999999999999936e-01
2.124999999999999944e-01
2.134999999999999953e-01
2.144999999999999962e-01
2.154999999999999971e-01
2.164999999999999980e-01
2.174999999999999989e-01
2.184999999999999998e-01
2.195000000000000007e-01
2.205000000000000016e-01
2.215000000000000024e-01
2.225000000000000033e-01
2.235000000000000042e-01
2.245000000000000051e-01
2.255000000000000060e-01
2.265000000000000069e-01
2.275000000000000078e-01
2.285000000000000087e-01
2.295000000000000095e-01
2.305000000000000104e-01
2.315000000000000113e-01
2.325000000000000122e-01
2.335000000000000131e-01
2.344999999999999862e-01
2.354999999999999871e-01
2.364999999999999880e-01
2.374999999999999889e-01
2.384999999999999898e-01
2.394999999999999907e-01
2.404999999999999916e-01
2.414999999999999925e-01
2.424999999999999933e-01
2.434999999999999942e-01
2.444999999999999951e-01
2.454999999999999960e-01
2.464999999999999969e-01
2.474999999999999978e-01
2.484999999999999987e-01
2.494999999999999996e-01
2.505000000000000004e-01
2.515000000000000013e-01
2.525000000000000022e-01
2.535000000000000031e-01
2.545000000000000040e-01
2.555000000000000049e-01
2.565000000000000058e-01
2.575000000000000067e-01
2.585000000000000075e-01
2.595000000000000084e-01
2.605000000000000093e-01
2.615000000000000102e-01
2.625000000000000111e-01
2.635000000000000120e-01
2.645000000000000129e-01
2.655000000000000138e-01
2.665000000000000147e-01
2.675000000000000155e-01
2.685000000000000164e-01
2.695000000000000173e-01
2.705000000000000182e-01
2.715000000000000191e-01
2.725000000000000200e-01
2.735000000000000209e-01
2.745000000000000218e-01
2.755000000000000226e-01
2.765000000000000235e-01
2.775000000000000244e-01
2.785000000000000253e-01
2.795000000000000262e-01
2.805000000000000271e-01
2.814999999999999725e-01
2.824999999999999734e-01
2.834999999999999742e-01
2.844999999999999751e-01
2.854999999999999760e-01
2.864999999999999769e-01
2.874999999999999778e-01
2.884999999999999787e-01
2.894999999999999796e-01
2.904999999999999805e-01
2.914999999999999813e-01
2.924999999999999822e-01
2.934999999999999831e-01
2.944999999999999840e-01
2.954999999999999849e-01
2.964999999999999858e-01
2.974999999999999867e-01
2.984999999999999876e-01
2.994999999999999885e-01
3.004999999999999893e-01
3.014999999999999902e-01
3.024999999999999911e-01
3.034999999999999920e-01
3.044999999999999929e-01
3.054999999999999938e-01
3.064999999999999947e-01
3.074999999999999956e-01
3.084999999999999964e-01
3.094999999999999973e-01
3.104999999999999982e-01
3.114999999999999991e-01
3.125000000000000000e-01
3.135000000000000009e-01
3.145000000000000018e-01
3.155000000000000027e-01
3.165000000000000036e-01
3.175000000000000044e-01
3.185000000000000053e-01
3.195000000000000062e-01
3.205000000000000071e-01
3.215000000000000080e-01
3.225000000000000089e-01
3.235000000000000098e-01
3.245000000000000107e-01
3.255000000000000115e-01
3.265000000000000124e-01
3.275000000000000133e-01
3.285000000000000142e-01
3.295000000000000151e-01
3.305000000000000160e-01
3.315000000000000169e-01
3.325000000000000178e-01
3.335000000000000187e-01
3.345000000000000195e-01
3.355000000000000204e-01
3.365000000000000213e-01
3.375000000000000222e-01
3.385000000000000231e-01
3.395000000000000240e-01
3.405000000000000249e-01
3.415000000000000258e-01
3.425000000000000266e-01
3.435000000000000275e-01
3.444999999999999729e-01
3.454999999999999738e-01
3.464999999999999747e-01
3.474999999999999756e-01
3.484999999999999765e-01
3.494999999999999774e-01
3.504999999999999782e-01
3.514999999999999791e-01
3.524999999999999800e-01
3.534999999999999809e-01
3.544999999999999818e-01
3.554999999999999827e-01
3.564999999999999836e-01
3.574999999999999845e-01
3.584999999999999853e-01
3.594999999999999862e-01
3.604999999999999871e-01
3.614999999999999880e-01
3.624999999999999889e-01
3.634999999999999898e-01
3.644999999999999907e-01
3.654999999999999916e-01
3.664999999999999925e-01
3.674999999999999933e-01
3.684999999999999942e-01
3.694999999999999951e-01
3.704999999999999960e-01
3.714999999999999969e-01
3.724999999999999978e-01
3.734999999999999987e-01
3.744999999999999996e-01
3.755000000000000004e-01
3.765000000000000013e-01
3.775000000000000022e-01
3.785000000000000031e-01
3.795000000000000040e-01
3.805000000000000049e-01
3.815000000000000058e-01
3.825000000000000067e-01
3.835000000000000075e-01
3.845000000000000084e-01
3.855000000000000093e-01
3.865000000000000102e-01
3.875000000000000111e-01
3.885000000000000120e-01
3.895000000000000129e-01
3.905000000000000138e-01
3.915000000000000147e-01
3.925000000000000155e-01
3.935000000000000164e-01
3.945000000000000173e-01
3.955000000000000182e-01
3.965000000000000191e-01
3.975000000000000200e-01
3.985000000000000209e-01
3.995000000000000218e-01
4.005000000000000226e-01
4.015000000000000235e-01
4.025000000000000244e-01
4.035000000000000253e-01
4.045000000000000262e-01
4.055000000000000271e-01
4.064999999999999725e-01
4.074999999999999734e-01
4.084999999999999742e-01
4.094999999999999751e-01
4.104999999999999760e-01
4.114999999999999769e-01
4.124999999999999778e-01
4.134999999999999787e-01
4.144999999999999796e-01
4.154999999999999805e-01
4.164999999999999813e-01
4.174999999999999822e-01
4.184999999999999831e-01
4.194999999999999840e-01
4.204999999999999849e-01
4.214999999999999858e-01
4.224999999999999867e-01
4.234999999999999876e-01
4.244999999999999885e-01
4.254999999999999893e-01
4.264999999999999902e-01
4.274999999999999911e-01
4.284999999999999920e-01
4.294999999999999929e-01
4.304999999999999938e-01
4.314999999999999947e-01
4.324999999999999956e-01
4.334999999999999964e-01
4.344999999999999973e-01
4.354999999999999982e-01
4.364999999999999991e-01
4.375000000000000000e-01
4.385000000000000009e-01
4.395000000000000018e-01
4.405000000000000027e-01
4.415000000000000036e-01
4.425000000000000044e-01
4.435000000000000053e-01
4.445000000000000062e-01
4.455000000000000071e-01
4.465000000000000080e-01
4.475000000000000089e-01
4.485000000000000098e-01
4.495000000000000107e-01
4.505000000000000115e-01
4.515000000000000124e-01
4.525000000000000133e-01
4.535000000000000142e-01
4.545000000000000151e-01
4.555000000000000160e-01
4.565000000000000169e-01
4.575000000000000178e-01
4.585000000000000187e-01
4.595000000000000195e-01
4.605000000000000204e-01
4.615000000000000213e-01
4.625000000000000222e-01
4.635000000000000231e-01
4.645000000000000240e-01
4.655000000000000249e-01
4.665000000000000258e-01
4.675000000000000266e-01
4.685000000000000275e-01
4.694999999999999729e-01
4.704999999999999738e-01
4.714999999999999747e-01
4.724999999999999756e-01
4.734999999999999765e-01
4.744999999999999774e-01
4.754999999999999782e-01
4.764999999999999791e-01
4.774999999999999800e-01
4.784999999999999809e-01
4.794999999999999818e-01
4.804999999999999827e-01
4.814999999999999836e-01
4.824999999999999845e-01
4.834999999999999853e-01
4.844999999999999862e-01
4.854999999999999871e-01
4.864999999999999880e-01
4.874999999999999889e-01
4.884999999999999898e-01
4.894999999999999907e-01
4.904999999999999916e-01
4.914999999999999925e-01
4.924999999999999933e-01
4.934999999999999942e-01
4.944999999999999951e-01
4.954999999999999960e-01
4.964999999999999969e-01
4.974999999999999978e-01
4.984999999999999987e-01
4.994999999999999996e-01
5.004999999999999449e-01
5.014999999999999458e-01
5.024999999999999467e-01
5.034999999999999476e-01
5.044999999999999485e-01
5.054999999999999494e-01
5.064999999999999503e-01
5.074999999999999512e-01
5.084999999999999520e-01
5.094999999999999529e-01
5.104999999999999538e-01
5.114999999999999547e-01
5.124999999999999556e-01
5.134999999999999565e-01
5.144999999999999574e-01
5.154999999999999583e-01
5.164999999999999591e-01
5.174999999999999600e-01
5.184999999999999609e-01
5.194999999999999618e-01
5.204999999999999627e-01
5.214999999999999636e-01
5.224999999999999645e-01
