# k [1/Mpc] transfer [physical units]
7.05491e-06 1.24333e+07
7.79012e-06 1.24333e+07
8.60194e-06 1.24333e+07
9.49837e-06 1.24333e+07
1.04882e-05 1.24333e+07
1.15812e-05 1.24332e+07
1.27881e-05 1.24332e+07
1.41208e-05 1.24332e+07
1.55923e-05 1.24332e+07
1.72172e-05 1.24332e+07
1.90115e-05 1.24332e+07
2.09927e-05 1.24332e+07
2.31804e-05 1.24331e+07
2.55961e-05 1.24331e+07
2.82635e-05 1.24330e+07
3.12089e-05 1.24330e+07
3.44612e-05 1.24329e+07
3.80525e-05 1.24328e+07
4.20181e-05 1.24327e+07
4.63968e-05 1.24326e+07
5.12319e-05 1.24325e+07
5.65709e-05 1.24323e+07
6.24663e-05 1.24321e+07
6.89760e-05 1.24318e+07
7.61642e-05 1.24315e+07
8.41014e-05 1.24311e+07
9.28658e-05 1.24306e+07
1.02543e-04 1.24301e+07
1.13230e-04 1.24294e+07
1.25030e-04 1.24285e+07
1.38059e-04 1.24275e+07
1.52447e-04 1.24262e+07
1.68333e-04 1.24247e+07
1.85876e-04 1.24228e+07
2.05246e-04 1.24206e+07
2.26635e-04 1.24178e+07
2.50254e-04 1.24145e+07
2.76333e-04 1.24105e+07
3.05130e-04 1.24057e+07
3.36928e-04 1.24000e+07
3.72040e-04 1.23931e+07
4.10811e-04 1.23848e+07
4.53623e-04 1.23750e+07
5.00896e-04 1.23634e+07
5.53095e-04 1.23497e+07
6.10734e-04 1.23336e+07
6.74380e-04 1.23148e+07
7.44659e-04 1.22929e+07
8.22261e-04 1.22676e+07
9.07951e-04 1.22384e+07
1.00257e-03 1.22048e+07
1.10705e-03 1.21664e+07
1.22242e-03 1.21225e+07
1.34981e-03 1.20726e+07
1.49047e-03 1.20160e+07
1.64580e-03 1.19519e+07
1.81731e-03 1.18796e+07
2.00670e-03 1.17984e+07
2.21582e-03 1.17073e+07
2.44673e-03 1.16057e+07
2.70171e-03 1.14925e+07
2.98326e-03 1.13670e+07
3.29416e-03 1.12281e+07
3.63745e-03 1.10751e+07
4.01651e-03 1.09070e+07
4.43508e-03 1.07229e+07
4.89727e-03 1.05219e+07
5.40762e-03 1.03031e+07
5.97116e-03 1.00656e+07
6.59343e-03 9.80866e+06
7.28055e-03 9.53128e+06
8.03927e-03 9.23267e+06
8.87705e-03 8.91211e+06
9.80215e-03 8.56897e+06
1.08237e-02 8.20291e+06
1.19516e-02 7.81395e+06
1.31971e-02 7.40276e+06
1.45724e-02 6.97093e+06
1.60910e-02 6.52133e+06
1.77679e-02 6.05854e+06
1.96195e-02 5.58926e+06
2.16641e-02 5.12248e+06
2.39218e-02 4.66931e+06
2.64147e-02 4.24220e+06
2.91674e-02 3.85310e+06
3.20842e-02 3.52191e+06
3.50009e-02 3.26116e+06
3.79177e-02 3.04919e+06
4.08344e-02 2.87074e+06
4.37512e-02 2.71108e+06
4.66679e-02 2.55985e+06
4.95847e-02 2.41087e+06
5.25014e-02 2.26237e+06
5.54181e-02 2.11598e+06
5.83349e-02 1.97509e+06
6.12516e-02 1.84340e+06
6.48824e-02 1.69746e+06
6.85132e-02 1.57587e+06
7.21439e-02 1.47949e+06
7.57747e-02 1.40424e+06
7.94054e-02 1.34309e+06
8.30362e-02 1.28892e+06
8.66670e-02 1.23602e+06
9.02977e-02 1.18078e+06
9.39285e-02 1.12216e+06
9.75593e-02 1.06155e+06
1.01190e-01 1.00163e+06
1.04821e-01 9.45439e+05
1.08452e-01 8.95652e+05
1.12082e-01 8.53787e+05
1.15713e-01 8.19616e+05
1.19344e-01 7.91476e+05
1.22975e-01 7.67125e+05
1.26605e-01 7.44354e+05
1.30236e-01 7.21307e+05
1.33867e-01 6.96861e+05
1.37498e-01 6.70900e+05
1.41128e-01 6.44144e+05
1.44759e-01 6.17704e+05
1.48390e-01 5.92718e+05
1.52021e-01 5.70093e+05
1.55651e-01 5.50282e+05
1.59282e-01 5.33209e+05
1.62913e-01 5.18375e+05
1.66544e-01 5.05039e+05
1.70174e-01 4.92369e+05
1.73805e-01 4.79645e+05
1.77436e-01 4.66485e+05
1.81067e-01 4.52891e+05
1.84698e-01 4.39112e+05
1.88328e-01 4.25495e+05
1.91959e-01 4.12419e+05
1.95590e-01 4.00239e+05
1.99221e-01 3.89164e+05
2.02851e-01 3.79180e+05
2.06482e-01 3.70098e+05
2.10113e-01 3.61661e+05
2.13744e-01 3.53602e+05
2.17374e-01 3.45679e+05
2.21005e-01 3.37723e+05
2.24636e-01 3.29688e+05
2.28267e-01 3.21644e+05
2.31897e-01 3.13721e+05
2.35528e-01 3.06053e+05
2.39159e-01 2.98750e+05
2.42790e-01 2.91886e+05
2.46420e-01 2.85476e+05
2.50051e-01 2.79473e+05
2.53682e-01 2.73790e+05
2.57313e-01 2.68331e+05
2.60944e-01 2.63014e+05
2.64574e-01 2.57771e+05
2.68205e-01 2.52570e+05
2.71836e-01 2.47418e+05
2.75467e-01 2.42357e+05
2.79097e-01 2.37431e+05
2.82728e-01 2.32673e+05
2.86359e-01 2.28106e+05
2.89990e-01 2.23746e+05
2.93620e-01 2.19587e+05
2.97251e-01 2.15600e+05
3.00882e-01 2.11746e+05
3.04513e-01 2.07996e+05
3.08143e-01 2.04331e+05
3.11774e-01 2.00734e+05
3.15405e-01 1.97195e+05
3.19036e-01 1.93720e+05
3.22666e-01 1.90325e+05
3.26297e-01 1.87027e+05
3.29928e-01 1.83829e+05
3.33559e-01 1.80732e+05
3.37189e-01 1.77739e+05
3.40820e-01 1.74844e+05
3.44451e-01 1.72036e+05
3.48082e-01 1.69300e+05
3.51713e-01 1.66626e+05
3.55343e-01 1.64009e+05
3.58974e-01 1.61447e+05
3.62605e-01 1.58935e+05
3.66236e-01 1.56476e+05
3.69866e-01 1.54073e+05
3.73497e-01 1.51732e+05
3.77128e-01 1.49453e+05
3.80759e-01 1.47231e+05
3.84389e-01 1.45067e+05
3.88020e-01 1.42959e+05
4.22407e-01 1.25129e+05
5.15929e-01 9.10760e+04
6.30157e-01 6.59611e+04
7.69675e-01 4.75578e+04
9.40084e-01 3.41496e+04
1.14822e+00 2.44305e+04
1.40244e+00 1.74181e+04
1.71294e+00 1.23799e+04
2.09219e+00 8.77387e+03
2.55541e+00 6.20192e+03
3.12119e+00 4.37331e+03
3.81223e+00 3.07698e+03
4.65626e+00 2.16044e+03
5.68717e+00 1.51400e+03
6.94633e+00 1.05910e+03
8.48427e+00 7.39655e+02
1.03627e+01 5.15758e+02
1.26570e+01 3.59113e+02
1.54593e+01 2.49701e+02
1.88821e+01 1.73397e+02
2.30626e+01 1.20261e+02
2.81688e+01 8.33068e+01
3.44054e+01 5.76392e+01
4.20229e+01 3.98318e+01
5.13268e+01 2.74913e+01
6.26907e+01 1.89480e+01
7.65706e+01 1.30394e+01
9.35236e+01 8.95670e+00
1.14230e+02 6.13837e+00
1.39521e+02 4.19486e+00
1.70411e+02 2.85638e+00
2.08141e+02 1.93634e+00
2.54223e+02 1.30592e+00
3.10509e+02 8.76255e-01
3.79257e+02 5.85881e-01
4.63225e+02 3.91885e-01
5.65785e+02 2.63681e-01
6.91051e+02 1.79245e-01
