# k [1/Mpc] transfer [physical units]
7.05491e-06 1.05614e+07
7.79012e-06 1.05614e+07
8.60194e-06 1.05614e+07
9.49837e-06 1.05614e+07
1.04882e-05 1.05614e+07
1.15812e-05 1.05614e+07
1.27881e-05 1.05614e+07
1.41208e-05 1.05614e+07
1.55923e-05 1.05614e+07
1.72172e-05 1.05614e+07
1.90115e-05 1.05614e+07
2.09927e-05 1.05613e+07
2.31804e-05 1.05613e+07
2.55961e-05 1.05613e+07
2.82635e-05 1.05612e+07
3.12089e-05 1.05612e+07
3.44612e-05 1.05611e+07
3.80525e-05 1.05611e+07
4.20181e-05 1.05610e+07
4.63968e-05 1.05609e+07
5.12319e-05 1.05608e+07
5.65709e-05 1.05606e+07
6.24663e-05 1.05605e+07
6.89760e-05 1.05603e+07
7.61642e-05 1.05600e+07
8.41014e-05 1.05597e+07
9.28658e-05 1.05593e+07
1.02543e-04 1.05588e+07
1.13230e-04 1.05582e+07
1.25030e-04 1.05575e+07
1.38059e-04 1.05567e+07
1.52447e-04 1.05557e+07
1.68333e-04 1.05544e+07
1.85876e-04 1.05529e+07
2.05246e-04 1.05510e+07
2.26635e-04 1.05488e+07
2.50254e-04 1.05461e+07
2.76333e-04 1.05428e+07
3.05130e-04 1.05388e+07
3.36928e-04 1.05341e+07
3.72040e-04 1.05283e+07
4.10811e-04 1.05215e+07
4.53623e-04 1.05133e+07
5.00896e-04 1.05036e+07
5.53095e-04 1.04922e+07
6.10734e-04 1.04787e+07
6.74380e-04 1.04629e+07
7.44659e-04 1.04444e+07
8.22261e-04 1.04230e+07
9.07951e-04 1.03983e+07
1.00257e-03 1.03699e+07
1.10705e-03 1.03373e+07
1.22242e-03 1.03001e+07
1.34981e-03 1.02577e+07
1.49047e-03 1.02096e+07
1.64580e-03 1.01552e+07
1.81731e-03 1.00938e+07
2.00670e-03 1.00248e+07
2.21582e-03 9.94746e+06
2.44673e-03 9.86110e+06
2.70171e-03 9.76496e+06
2.98326e-03 9.65829e+06
3.29416e-03 9.54033e+06
3.63745e-03 9.41031e+06
4.01651e-03 9.26747e+06
4.43508e-03 9.11104e+06
4.89727e-03 8.94026e+06
5.40762e-03 8.75438e+06
5.97116e-03 8.55262e+06
6.59343e-03 8.33427e+06
7.28055e-03 8.09858e+06
8.03927e-03 7.84486e+06
8.87705e-03 7.57248e+06
9.80215e-03 7.28093e+06
1.08237e-02 6.96989e+06
1.19516e-02 6.63940e+06
1.31971e-02 6.29002e+06
1.45724e-02 5.92310e+06
1.60910e-02 5.54108e+06
1.77679e-02 5.14786e+06
1.96195e-02 4.74912e+06
2.16641e-02 4.35250e+06
2.39218e-02 3.96745e+06
2.64147e-02 3.60454e+06
2.91674e-02 3.27392e+06
3.20842e-02 2.99251e+06
3.50009e-02 2.77096e+06
3.79177e-02 2.59086e+06
4.08344e-02 2.43922e+06
4.37512e-02 2.30357e+06
4.66679e-02 2.17507e+06
4.95847e-02 2.04848e+06
5.25014e-02 1.92230e+06
5.54181e-02 1.79792e+06
5.83349e-02 1.67821e+06
6.12516e-02 1.56631e+06
6.48824e-02 1.44230e+06
6.85132e-02 1.33900e+06
7.21439e-02 1.25710e+06
7.57747e-02 1.19316e+06
7.94054e-02 1.14120e+06
8.30362e-02 1.09518e+06
8.66670e-02 1.05023e+06
9.02977e-02 1.00329e+06
9.39285e-02 9.53483e+05
9.75593e-02 9.01980e+05
1.01190e-01 8.51070e+05
1.04821e-01 8.03326e+05
1.08452e-01 7.61023e+05
1.12082e-01 7.25450e+05
1.15713e-01 6.96416e+05
1.19344e-01 6.72506e+05
1.22975e-01 6.51815e+05
1.26605e-01 6.32467e+05
1.30236e-01 6.12884e+05
1.33867e-01 5.92113e+05
1.37498e-01 5.70054e+05
1.41128e-01 5.47320e+05
1.44759e-01 5.24854e+05
1.48390e-01 5.03624e+05
1.52021e-01 4.84400e+05
1.55651e-01 4.67567e+05
1.59282e-01 4.53060e+05
1.62913e-01 4.40456e+05
1.66544e-01 4.29125e+05
1.70174e-01 4.18359e+05
1.73805e-01 4.07548e+05
1.77436e-01 3.96366e+05
1.81067e-01 3.84815e+05
1.84698e-01 3.73107e+05
1.88328e-01 3.61537e+05
1.91959e-01 3.50427e+05
1.95590e-01 3.40077e+05
1.99221e-01 3.30667e+05
2.02851e-01 3.22184e+05
2.06482e-01 3.14467e+05
2.10113e-01 3.07298e+05
2.13744e-01 3.00450e+05
2.17374e-01 2.93719e+05
2.21005e-01 2.86959e+05
2.24636e-01 2.80131e+05
2.28267e-01 2.73296e+05
2.31897e-01 2.66565e+05
2.35528e-01 2.60049e+05
2.39159e-01 2.53844e+05
2.42790e-01 2.48011e+05
2.46420e-01 2.42565e+05
2.50051e-01 2.37464e+05
2.53682e-01 2.32635e+05
2.57313e-01 2.27997e+05
2.60944e-01 2.23479e+05
2.64574e-01 2.19025e+05
2.68205e-01 2.14605e+05
2.71836e-01 2.10228e+05
2.75467e-01 2.05927e+05
2.79097e-01 2.01742e+05
2.82728e-01 1.97699e+05
2.86359e-01 1.93819e+05
2.89990e-01 1.90114e+05
2.93620e-01 1.86580e+05
2.97251e-01 1.83192e+05
3.00882e-01 1.79917e+05
3.04513e-01 1.76731e+05
3.08143e-01 1.73617e+05
3.11774e-01 1.70561e+05
3.15405e-01 1.67554e+05
3.19036e-01 1.64601e+05
3.22666e-01 1.61717e+05
3.26297e-01 1.58914e+05
3.29928e-01 1.56197e+05
3.33559e-01 1.53566e+05
3.37189e-01 1.51022e+05
3.40820e-01 1.48562e+05
3.44451e-01 1.46176e+05
3.48082e-01 1.43852e+05
3.51713e-01 1.41579e+05
3.55343e-01 1.39356e+05
3.58974e-01 1.37179e+05
3.62605e-01 1.35045e+05
3.66236e-01 1.32955e+05
3.69866e-01 1.30914e+05
3.73497e-01 1.28925e+05
3.77128e-01 1.26988e+05
3.80759e-01 1.25100e+05
3.84389e-01 1.23262e+05
3.88020e-01 1.21470e+05
4.22407e-01 1.06320e+05
5.15929e-01 7.73860e+04
6.30157e-01 5.60462e+04
7.69675e-01 4.04091e+04
9.40084e-01 2.90164e+04
1.14822e+00 2.07582e+04
1.40244e+00 1.47999e+04
1.71294e+00 1.05190e+04
2.09219e+00 7.45503e+03
2.55541e+00 5.26969e+03
3.12119e+00 3.71594e+03
3.81223e+00 2.61447e+03
4.65626e+00 1.83569e+03
5.68717e+00 1.28643e+03
6.94633e+00 8.99905e+02
8.48427e+00 6.28474e+02
1.03627e+01 4.38232e+02
1.26570e+01 3.05133e+02
1.54593e+01 2.12167e+02
1.88821e+01 1.47333e+02
2.30626e+01 1.02183e+02
2.81688e+01 7.07840e+01
3.44054e+01 4.89746e+01
4.20229e+01 3.38439e+01
5.13268e+01 2.33583e+01
6.26907e+01 1.60992e+01
7.65706e+01 1.10787e+01
9.35236e+01 7.60968e+00
1.14230e+02 5.21498e+00
1.39521e+02 3.56360e+00
1.70411e+02 2.42631e+00
2.08141e+02 1.64457e+00
2.54223e+02 1.10893e+00
3.10509e+02 7.43864e-01
3.79257e+02 4.97162e-01
4.63225e+02 3.32348e-01
5.65785e+02 2.23429e-01
6.91051e+02 1.51688e-01
