# k [1/Mpc] transfer [physical units]
7.05491e-06 1.51983e+07
7.79012e-06 1.51983e+07
8.60194e-06 1.51983e+07
9.49837e-06 1.51983e+07
1.04882e-05 1.51983e+07
1.15812e-05 1.51983e+07
1.27881e-05 1.51983e+07
1.41208e-05 1.51983e+07
1.55923e-05 1.51982e+07
1.72172e-05 1.51982e+07
1.90115e-05 1.51982e+07
2.09927e-05 1.51982e+07
2.31804e-05 1.51981e+07
2.55961e-05 1.51981e+07
2.82635e-05 1.51980e+07
3.12089e-05 1.51980e+07
3.44612e-05 1.51979e+07
3.80525e-05 1.51978e+07
4.20181e-05 1.51976e+07
4.63968e-05 1.51975e+07
5.12319e-05 1.51973e+07
5.65709e-05 1.51971e+07
6.24663e-05 1.51968e+07
6.89760e-05 1.51965e+07
7.61642e-05 1.51961e+07
8.41014e-05 1.51956e+07
9.28658e-05 1.51950e+07
1.02543e-04 1.51942e+07
1.13230e-04 1.51933e+07
1.25030e-04 1.51922e+07
1.38059e-04 1.51909e+07
1.52447e-04 1.51893e+07
1.68333e-04 1.51873e+07
1.85876e-04 1.51850e+07
2.05246e-04 1.51821e+07
2.26635e-04 1.51786e+07
2.50254e-04 1.51745e+07
2.76333e-04 1.51694e+07
3.05130e-04 1.51634e+07
3.36928e-04 1.51561e+07
3.72040e-04 1.51474e+07
4.10811e-04 1.51371e+07
4.53623e-04 1.51248e+07
5.00896e-04 1.51103e+07
5.53095e-04 1.50933e+07
6.10734e-04 1.50734e+07
6.74380e-04 1.50502e+07
7.44659e-04 1.50233e+07
8.22261e-04 1.49922e+07
9.07951e-04 1.49564e+07
1.00257e-03 1.49153e+07
1.10705e-03 1.48683e+07
1.22242e-03 1.48146e+07
1.34981e-03 1.47536e+07
1.49047e-03 1.46843e+07
1.64580e-03 1.46059e+07
1.81731e-03 1.45176e+07
2.00670e-03 1.44182e+07
2.21582e-03 1.43070e+07
2.44673e-03 1.41827e+07
2.70171e-03 1.40444e+07
2.98326e-03 1.38910e+07
3.29416e-03 1.37213e+07
3.63745e-03 1.35343e+07
4.01651e-03 1.33288e+07
4.43508e-03 1.31038e+07
4.89727e-03 1.28582e+07
5.40762e-03 1.25909e+07
5.97116e-03 1.23007e+07
6.59343e-03 1.19866e+07
7.28055e-03 1.16477e+07
8.03927e-03 1.12827e+07
8.87705e-03 1.08910e+07
9.80215e-03 1.04717e+07
1.08237e-02 1.00243e+07
1.19516e-02 9.54900e+06
1.31971e-02 9.04651e+06
1.45724e-02 8.51879e+06
1.60910e-02 7.96935e+06
1.77679e-02 7.40381e+06
1.96195e-02 6.83033e+06
2.16641e-02 6.25990e+06
2.39218e-02 5.70611e+06
2.64147e-02 5.18417e+06
2.91674e-02 4.70866e+06
3.20842e-02 4.30393e+06
3.50009e-02 3.98529e+06
3.79177e-02 3.72625e+06
4.08344e-02 3.50817e+06
4.37512e-02 3.31307e+06
4.66679e-02 3.12826e+06
4.95847e-02 2.94619e+06
5.25014e-02 2.76472e+06
5.54181e-02 2.58582e+06
5.83349e-02 2.41365e+06
6.12516e-02 2.25272e+06
6.48824e-02 2.07437e+06
6.85132e-02 1.92579e+06
7.21439e-02 1.80801e+06
7.57747e-02 1.71604e+06
7.94054e-02 1.64131e+06
8.30362e-02 1.57512e+06
8.66670e-02 1.51048e+06
9.02977e-02 1.44296e+06
9.39285e-02 1.37133e+06
9.75593e-02 1.29726e+06
1.01190e-01 1.22404e+06
1.04821e-01 1.15537e+06
1.08452e-01 1.09453e+06
1.12082e-01 1.04337e+06
1.15713e-01 1.00161e+06
1.19344e-01 9.67220e+05
1.22975e-01 9.37462e+05
1.26605e-01 9.09634e+05
1.30236e-01 8.81469e+05
1.33867e-01 8.51595e+05
1.37498e-01 8.19870e+05
1.41128e-01 7.87172e+05
1.44759e-01 7.54862e+05
1.48390e-01 7.24329e+05
1.52021e-01 6.96679e+05
1.55651e-01 6.72470e+05
1.59282e-01 6.51605e+05
1.62913e-01 6.33477e+05
1.66544e-01 6.17180e+05
1.70174e-01 6.01697e+05
1.73805e-01 5.86148e+05
1.77436e-01 5.70065e+05
1.81067e-01 5.53453e+05
1.84698e-01 5.36615e+05
1.88328e-01 5.19974e+05
1.91959e-01 5.03995e+05
1.95590e-01 4.89110e+05
1.99221e-01 4.75575e+05
2.02851e-01 4.63374e+05
2.06482e-01 4.52277e+05
2.10113e-01 4.41966e+05
2.13744e-01 4.32117e+05
2.17374e-01 4.22435e+05
2.21005e-01 4.12713e+05
2.24636e-01 4.02894e+05
2.28267e-01 3.93063e+05
2.31897e-01 3.83382e+05
2.35528e-01 3.74010e+05
2.39159e-01 3.65086e+05
2.42790e-01 3.56697e+05
2.46420e-01 3.48864e+05
2.50051e-01 3.41529e+05
2.53682e-01 3.34584e+05
2.57313e-01 3.27913e+05
2.60944e-01 3.21415e+05
2.64574e-01 3.15008e+05
2.68205e-01 3.08652e+05
2.71836e-01 3.02356e+05
2.75467e-01 2.96171e+05
2.79097e-01 2.90151e+05
2.82728e-01 2.84337e+05
2.86359e-01 2.78756e+05
2.89990e-01 2.73428e+05
2.93620e-01 2.68346e+05
2.97251e-01 2.63473e+05
3.00882e-01 2.58763e+05
3.04513e-01 2.54180e+05
3.08143e-01 2.49702e+05
3.11774e-01 2.45306e+05
3.15405e-01 2.40981e+05
3.19036e-01 2.36734e+05
3.22666e-01 2.32586e+05
3.26297e-01 2.28555e+05
3.29928e-01 2.24647e+05
3.33559e-01 2.20863e+05
3.37189e-01 2.17204e+05
3.40820e-01 2.13667e+05
3.44451e-01 2.10236e+05
3.48082e-01 2.06892e+05
3.51713e-01 2.03624e+05
3.55343e-01 2.00427e+05
3.58974e-01 1.97295e+05
3.62605e-01 1.94226e+05
3.66236e-01 1.91220e+05
3.69866e-01 1.88284e+05
3.73497e-01 1.85424e+05
3.77128e-01 1.82638e+05
3.80759e-01 1.79923e+05
3.84389e-01 1.77279e+05
3.88020e-01 1.74703e+05
4.22407e-01 1.52913e+05
5.15929e-01 1.11299e+05
6.30157e-01 8.06075e+04
7.69675e-01 5.81177e+04
9.40084e-01 4.17323e+04
1.14822e+00 2.98551e+04
1.40244e+00 2.12856e+04
1.71294e+00 1.51288e+04
2.09219e+00 1.07221e+04
2.55541e+00 7.57903e+03
3.12119e+00 5.34438e+03
3.81223e+00 3.76021e+03
4.65626e+00 2.64015e+03
5.68717e+00 1.85018e+03
6.94633e+00 1.29427e+03
8.48427e+00 9.03892e+02
1.03627e+01 6.30280e+02
1.26570e+01 4.38853e+02
1.54593e+01 3.05146e+02
1.88821e+01 2.11900e+02
2.30626e+01 1.46965e+02
2.81688e+01 1.01805e+02
3.44054e+01 7.04382e+01
4.20229e+01 4.86769e+01
5.13268e+01 3.35962e+01
6.26907e+01 2.31560e+01
7.65706e+01 1.59354e+01
9.35236e+01 1.09462e+01
1.14230e+02 7.50205e+00
1.39521e+02 5.12700e+00
1.70411e+02 3.49131e+00
2.08141e+02 2.36698e+00
2.54223e+02 1.59656e+00
3.10509e+02 1.07146e+00
3.79257e+02 7.16585e-01
4.63225e+02 4.79485e-01
5.65785e+02 3.22792e-01
6.91051e+02 2.19593e-01
