# k [1/Mpc] transfer [physical units]
7.05491e-06 1.37969e+07
7.79012e-06 1.37969e+07
8.60194e-06 1.37969e+07
9.49837e-06 1.37969e+07
1.04882e-05 1.37969e+07
1.15812e-05 1.37969e+07
1.27881e-05 1.37968e+07
1.41208e-05 1.37968e+07
1.55923e-05 1.37968e+07
1.72172e-05 1.37968e+07
1.90115e-05 1.37968e+07
2.09927e-05 1.37967e+07
2.31804e-05 1.37967e+07
2.55961e-05 1.37967e+07
2.82635e-05 1.37966e+07
3.12089e-05 1.37966e+07
3.44612e-05 1.37965e+07
3.80525e-05 1.37964e+07
4.20181e-05 1.37963e+07
4.63968e-05 1.37961e+07
5.12319e-05 1.37960e+07
5.65709e-05 1.37958e+07
6.24663e-05 1.37955e+07
6.89760e-05 1.37952e+07
7.61642e-05 1.37949e+07
8.41014e-05 1.37944e+07
9.28658e-05 1.37939e+07
1.02543e-04 1.37932e+07
1.13230e-04 1.37924e+07
1.25030e-04 1.37915e+07
1.38059e-04 1.37903e+07
1.52447e-04 1.37889e+07
1.68333e-04 1.37871e+07
1.85876e-04 1.37850e+07
2.05246e-04 1.37825e+07
2.26635e-04 1.37794e+07
2.50254e-04 1.37756e+07
2.76333e-04 1.37711e+07
3.05130e-04 1.37657e+07
3.36928e-04 1.37592e+07
3.72040e-04 1.37514e+07
4.10811e-04 1.37422e+07
4.53623e-04 1.37311e+07
5.00896e-04 1.37181e+07
5.53095e-04 1.37028e+07
6.10734e-04 1.36848e+07
6.74380e-04 1.36638e+07
7.44659e-04 1.36394e+07
8.22261e-04 1.36113e+07
9.07951e-04 1.35788e+07
1.00257e-03 1.35415e+07
1.10705e-03 1.34989e+07
1.22242e-03 1.34502e+07
1.34981e-03 1.33948e+07
1.49047e-03 1.33319e+07
1.64580e-03 1.32607e+07
1.81731e-03 1.31805e+07
2.00670e-03 1.30904e+07
2.21582e-03 1.29894e+07
2.44673e-03 1.28766e+07
2.70171e-03 1.27510e+07
2.98326e-03 1.26117e+07
3.29416e-03 1.24576e+07
3.63745e-03 1.22879e+07
4.01651e-03 1.21013e+07
4.43508e-03 1.18971e+07
4.89727e-03 1.16741e+07
5.40762e-03 1.14313e+07
5.97116e-03 1.11679e+07
6.59343e-03 1.08827e+07
7.28055e-03 1.05750e+07
8.03927e-03 1.02437e+07
8.87705e-03 9.88801e+06
9.80215e-03 9.50730e+06
1.08237e-02 9.10116e+06
1.19516e-02 8.66961e+06
1.31971e-02 8.21339e+06
1.45724e-02 7.73427e+06
1.60910e-02 7.23543e+06
1.77679e-02 6.72197e+06
1.96195e-02 6.20131e+06
2.16641e-02 5.68340e+06
2.39218e-02 5.18062e+06
2.64147e-02 4.70674e+06
2.91674e-02 4.27502e+06
3.20842e-02 3.90757e+06
3.50009e-02 3.61827e+06
3.79177e-02 3.38309e+06
4.08344e-02 3.18509e+06
4.37512e-02 3.00796e+06
4.66679e-02 2.84017e+06
4.95847e-02 2.67486e+06
5.25014e-02 2.51011e+06
5.54181e-02 2.34768e+06
5.83349e-02 2.19137e+06
6.12516e-02 2.04526e+06
6.48824e-02 1.88333e+06
6.85132e-02 1.74843e+06
7.21439e-02 1.64150e+06
7.57747e-02 1.55801e+06
7.94054e-02 1.49016e+06
8.30362e-02 1.43006e+06
8.66670e-02 1.37137e+06
9.02977e-02 1.31007e+06
9.39285e-02 1.24504e+06
9.75593e-02 1.17779e+06
1.01190e-01 1.11131e+06
1.04821e-01 1.04897e+06
1.08452e-01 9.93729e+05
1.12082e-01 9.47279e+05
1.15713e-01 9.09367e+05
1.19344e-01 8.78146e+05
1.22975e-01 8.51128e+05
1.26605e-01 8.25863e+05
1.30236e-01 8.00292e+05
1.33867e-01 7.73169e+05
1.37498e-01 7.44365e+05
1.41128e-01 7.14679e+05
1.44759e-01 6.85345e+05
1.48390e-01 6.57623e+05
1.52021e-01 6.32520e+05
1.55651e-01 6.10540e+05
1.59282e-01 5.91597e+05
1.62913e-01 5.75138e+05
1.66544e-01 5.60342e+05
1.70174e-01 5.46285e+05
1.73805e-01 5.32168e+05
1.77436e-01 5.17566e+05
1.81067e-01 5.02484e+05
1.84698e-01 4.87196e+05
1.88328e-01 4.72088e+05
1.91959e-01 4.57580e+05
1.95590e-01 4.44066e+05
1.99221e-01 4.31778e+05
2.02851e-01 4.20701e+05
2.06482e-01 4.10625e+05
2.10113e-01 4.01264e+05
2.13744e-01 3.92322e+05
2.17374e-01 3.83532e+05
2.21005e-01 3.74705e+05
2.24636e-01 3.65790e+05
2.28267e-01 3.56865e+05
2.31897e-01 3.48075e+05
2.35528e-01 3.39567e+05
2.39159e-01 3.31464e+05
2.42790e-01 3.23848e+05
2.46420e-01 3.16736e+05
2.50051e-01 3.10076e+05
2.53682e-01 3.03771e+05
2.57313e-01 2.97715e+05
2.60944e-01 2.91814e+05
2.64574e-01 2.85998e+05
2.68205e-01 2.80227e+05
2.71836e-01 2.74511e+05
2.75467e-01 2.68896e+05
2.79097e-01 2.63430e+05
2.82728e-01 2.58152e+05
2.86359e-01 2.53085e+05
2.89990e-01 2.48247e+05
2.93620e-01 2.43633e+05
2.97251e-01 2.39209e+05
3.00882e-01 2.34933e+05
3.04513e-01 2.30772e+05
3.08143e-01 2.26706e+05
3.11774e-01 2.22715e+05
3.15405e-01 2.18789e+05
3.19036e-01 2.14933e+05
3.22666e-01 2.11167e+05
3.26297e-01 2.07507e+05
3.29928e-01 2.03959e+05
3.33559e-01 2.00523e+05
3.37189e-01 1.97202e+05
3.40820e-01 1.93990e+05
3.44451e-01 1.90874e+05
3.48082e-01 1.87839e+05
3.51713e-01 1.84872e+05
3.55343e-01 1.81969e+05
3.58974e-01 1.79126e+05
3.62605e-01 1.76339e+05
3.66236e-01 1.73610e+05
3.69866e-01 1.70945e+05
3.73497e-01 1.68348e+05
3.77128e-01 1.65818e+05
3.80759e-01 1.63353e+05
3.84389e-01 1.60952e+05
3.88020e-01 1.58614e+05
4.22407e-01 1.38831e+05
5.15929e-01 1.01049e+05
6.30157e-01 7.31841e+04
7.69675e-01 5.27655e+04
9.40084e-01 3.78891e+04
1.14822e+00 2.71057e+04
1.40244e+00 1.93254e+04
1.71294e+00 1.37355e+04
2.09219e+00 9.73464e+03
2.55541e+00 6.88105e+03
3.12119e+00 4.85220e+03
3.81223e+00 3.41392e+03
4.65626e+00 2.39701e+03
5.68717e+00 1.67979e+03
6.94633e+00 1.17508e+03
8.48427e+00 8.20650e+02
1.03627e+01 5.72236e+02
1.26570e+01 3.98437e+02
1.54593e+01 2.77044e+02
1.88821e+01 1.92385e+02
2.30626e+01 1.33430e+02
2.81688e+01 9.24294e+01
3.44054e+01 6.39512e+01
4.20229e+01 4.41939e+01
5.13268e+01 3.05020e+01
6.26907e+01 2.10233e+01
7.65706e+01 1.44676e+01
9.35236e+01 9.93786e+00
1.14230e+02 6.81092e+00
1.39521e+02 4.65460e+00
1.70411e+02 3.16955e+00
2.08141e+02 2.14876e+00
2.54223e+02 1.44930e+00
3.10509e+02 9.72570e-01
3.79257e+02 6.50384e-01
4.63225e+02 4.35130e-01
5.65785e+02 2.92877e-01
6.91051e+02 1.99190e-01
