# k [1/Mpc] transfer [physical units]
7.05491e-06 9.87766e+06
7.79012e-06 9.87766e+06
8.60194e-06 9.87766e+06
9.49837e-06 9.87765e+06
1.04882e-05 9.87765e+06
1.15812e-05 9.87764e+06
1.27881e-05 9.87763e+06
1.41208e-05 9.87763e+06
1.55923e-05 9.87762e+06
1.72172e-05 9.87760e+06
1.90115e-05 9.87759e+06
2.09927e-05 9.87757e+06
2.31804e-05 9.87755e+06
2.55961e-05 9.87752e+06
2.82635e-05 9.87749e+06
3.12089e-05 9.87745e+06
3.44612e-05 9.87740e+06
3.80525e-05 9.87734e+06
4.20181e-05 9.87726e+06
4.63968e-05 9.87717e+06
5.12319e-05 9.87706e+06
5.65709e-05 9.87693e+06
6.24663e-05 9.87677e+06
6.89760e-05 9.87657e+06
7.61642e-05 9.87633e+06
8.41014e-05 9.87604e+06
9.28658e-05 9.87568e+06
1.02543e-04 9.87525e+06
1.13230e-04 9.87472e+06
1.25030e-04 9.87407e+06
1.38059e-04 9.87329e+06
1.52447e-04 9.87234e+06
1.68333e-04 9.87118e+06
1.85876e-04 9.86977e+06
2.05246e-04 9.86806e+06
2.26635e-04 9.86599e+06
2.50254e-04 9.86349e+06
2.76333e-04 9.86046e+06
3.05130e-04 9.85681e+06
3.36928e-04 9.85241e+06
3.72040e-04 9.84712e+06
4.10811e-04 9.84079e+06
4.53623e-04 9.83324e+06
5.00896e-04 9.82425e+06
5.53095e-04 9.81360e+06
6.10734e-04 9.80105e+06
6.74380e-04 9.78632e+06
7.44659e-04 9.76914e+06
8.22261e-04 9.74917e+06
9.07951e-04 9.72610e+06
1.00257e-03 9.69954e+06
1.10705e-03 9.66910e+06
1.22242e-03 9.63433e+06
1.34981e-03 9.59472e+06
1.49047e-03 9.54975e+06
1.64580e-03 9.49886e+06
1.81731e-03 9.44145e+06
2.00670e-03 9.37691e+06
2.21582e-03 9.30459e+06
2.44673e-03 9.22382e+06
2.70171e-03 9.13390e+06
2.98326e-03 9.03412e+06
3.29416e-03 8.92379e+06
3.63745e-03 8.80218e+06
4.01651e-03 8.66857e+06
4.43508e-03 8.52226e+06
4.89727e-03 8.36251e+06
5.40762e-03 8.18864e+06
5.97116e-03 7.99993e+06
6.59343e-03 7.79568e+06
7.28055e-03 7.57523e+06
8.03927e-03 7.33791e+06
8.87705e-03 7.08313e+06
9.80215e-03 6.81042e+06
1.08237e-02 6.51948e+06
1.19516e-02 6.21035e+06
1.31971e-02 5.88354e+06
1.45724e-02 5.54033e+06
1.60910e-02 5.18300e+06
1.77679e-02 4.81519e+06
1.96195e-02 4.44222e+06
2.16641e-02 4.07123e+06
2.39218e-02 3.71106e+06
2.64147e-02 3.37161e+06
2.91674e-02 3.06235e+06
3.20842e-02 2.79913e+06
3.50009e-02 2.59190e+06
3.79177e-02 2.42343e+06
4.08344e-02 2.28160e+06
4.37512e-02 2.15471e+06
4.66679e-02 2.03451e+06
4.95847e-02 1.91610e+06
5.25014e-02 1.79808e+06
5.54181e-02 1.68173e+06
5.83349e-02 1.56976e+06
6.12516e-02 1.46509e+06
6.48824e-02 1.34910e+06
6.85132e-02 1.25247e+06
7.21439e-02 1.17587e+06
7.57747e-02 1.11606e+06
7.94054e-02 1.06745e+06
8.30362e-02 1.02440e+06
8.66670e-02 9.82364e+05
9.02977e-02 9.38453e+05
9.39285e-02 8.91866e+05
9.75593e-02 8.43692e+05
1.01190e-01 7.96071e+05
1.04821e-01 7.51413e+05
1.08452e-01 7.11844e+05
1.12082e-01 6.78570e+05
1.15713e-01 6.51412e+05
1.19344e-01 6.29047e+05
1.22975e-01 6.09694e+05
1.26605e-01 5.91595e+05
1.30236e-01 5.73278e+05
1.33867e-01 5.53849e+05
1.37498e-01 5.33216e+05
1.41128e-01 5.11950e+05
1.44759e-01 4.90937e+05
1.48390e-01 4.71079e+05
1.52021e-01 4.53097e+05
1.55651e-01 4.37352e+05
1.59282e-01 4.23782e+05
1.62913e-01 4.11992e+05
1.66544e-01 4.01393e+05
1.70174e-01 3.91323e+05
1.73805e-01 3.81211e+05
1.77436e-01 3.70751e+05
1.81067e-01 3.59947e+05
1.84698e-01 3.48996e+05
1.88328e-01 3.38174e+05
1.91959e-01 3.27781e+05
1.95590e-01 3.18101e+05
1.99221e-01 3.09298e+05
2.02851e-01 3.01363e+05
2.06482e-01 2.94146e+05
2.10113e-01 2.87440e+05
2.13744e-01 2.81035e+05
2.17374e-01 2.74738e+05
2.21005e-01 2.68415e+05
2.24636e-01 2.62028e+05
2.28267e-01 2.55635e+05
2.31897e-01 2.49338e+05
2.35528e-01 2.43244e+05
2.39159e-01 2.37440e+05
2.42790e-01 2.31984e+05
2.46420e-01 2.26889e+05
2.50051e-01 2.22119e+05
2.53682e-01 2.17602e+05
2.57313e-01 2.13264e+05
2.60944e-01 2.09037e+05
2.64574e-01 2.04871e+05
2.68205e-01 2.00737e+05
2.71836e-01 1.96642e+05
2.75467e-01 1.92620e+05
2.79097e-01 1.88705e+05
2.82728e-01 1.84923e+05
2.86359e-01 1.81294e+05
2.89990e-01 1.77828e+05
2.93620e-01 1.74523e+05
2.97251e-01 1.71354e+05
3.00882e-01 1.68291e+05
3.04513e-01 1.65310e+05
3.08143e-01 1.62398e+05
3.11774e-01 1.59539e+05
3.15405e-01 1.56726e+05
3.19036e-01 1.53964e+05
3.22666e-01 1.51266e+05
3.26297e-01 1.48645e+05
3.29928e-01 1.46103e+05
3.33559e-01 1.43642e+05
3.37189e-01 1.41263e+05
3.40820e-01 1.38962e+05
3.44451e-01 1.36730e+05
3.48082e-01 1.34556e+05
3.51713e-01 1.32430e+05
3.55343e-01 1.30351e+05
3.58974e-01 1.28314e+05
3.62605e-01 1.26318e+05
3.66236e-01 1.24363e+05
3.69866e-01 1.22454e+05
3.73497e-01 1.20593e+05
3.77128e-01 1.18781e+05
3.80759e-01 1.17016e+05
3.84389e-01 1.15296e+05
3.88020e-01 1.13621e+05
4.22407e-01 9.94495e+04
5.15929e-01 7.23851e+04
6.30157e-01 5.24244e+04
7.69675e-01 3.77978e+04
9.40084e-01 2.71413e+04
1.14822e+00 1.94168e+04
1.40244e+00 1.38435e+04
1.71294e+00 9.83924e+03
2.09219e+00 6.97327e+03
2.55541e+00 4.92915e+03
3.12119e+00 3.47581e+03
3.81223e+00 2.44551e+03
4.65626e+00 1.71707e+03
5.68717e+00 1.20329e+03
6.94633e+00 8.41750e+02
8.48427e+00 5.87860e+02
1.03627e+01 4.09912e+02
1.26570e+01 2.85414e+02
1.54593e+01 1.98456e+02
1.88821e+01 1.37811e+02
2.30626e+01 9.55797e+01
2.81688e+01 6.62094e+01
3.44054e+01 4.58094e+01
4.20229e+01 3.16565e+01
5.13268e+01 2.18485e+01
6.26907e+01 1.50585e+01
7.65706e+01 1.03624e+01
9.35236e+01 7.11756e+00
1.14230e+02 4.87760e+00
1.39521e+02 3.33294e+00
1.70411e+02 2.26914e+00
2.08141e+02 1.53792e+00
2.54223e+02 1.03690e+00
3.10509e+02 6.95438e-01
3.79257e+02 4.64691e-01
4.63225e+02 3.10540e-01
5.65785e+02 2.08665e-01
6.91051e+02 1.41561e-01
